#File containing 60 random samples drawn from a normal distribution with a mean of 40.0 and std.dev.of 2.01 40.9
2 39.3
3 44.9
4 39.5
5 40.2
6 43.2
7 38.2
8 38.8
9 40.4
10 39.3
11 37.6
12 39.6
13 39.3
14 41.2
15 36.7
16 38.6
17 42.3
18 43.7
19 37.0
20 41.3
21 38.0
22 38.3
23 38.3
24 39.2
25 42.0
26 41.4
27 40.1
28 39.3
29 40.0
30 39.8
31 41.6
32 38.7
33 40.0
34 39.8
35 39.9
36 40.5
37 40.4
38 42.7
39 39.8
40 43.1
41 39.4
42 39.0
43 40.2
44 40.7
45 40.5
46 42.6
47 42.3
48 41.0
49 39.3
50 39.8
51 42.8
52 40.4
53 37.4
54 38.6
55 38.8
56 42.3
57 39.8
58 44.5
59 41.3
60 40.2
